1 0 0 10
2 0 1 10
3 0 0 0
4 0 1 0
5 1 1 0
6 1 0 0
7 1 0 10
8 1 1 10

9 0 1 2
10 0 15 2
11 0 1 1
12 0 15 1
13 1 15 1
14 1 1 1
15 1 1 2
16 1 15 2

17 0 15 10
18 0 16 10
19 0 15 0
20 0 16 0
21 1 16 0
22 1 15 0
23 1 15 10
24 1 16 10

25 8 0 10
26 8 1 10
27 8 0 0
28 8 1 0
29 9 1 0
30 9 0 0
31 9 0 10
32 9 1 10

33 1 0 2
34 1 1 2
35 1 0 1
36 1 1 1
37 8 1 1
38 8 0 1
39 8 0 2
40 8 1 2

41 8 15 10
42 8 16 10
43 8 15 0
44 8 16 0
45 9 16 0
46 9 15 0
47 9 15 10
48 9 16 10

49 1 15 2
50 1 16 2
51 1 15 1
52 1 16 1
53 8 16 1
54 8 15 1
55 8 15 2
56 8 16 2

57 0 0 11
58 0 16 11
59 0 0 10
60 0 16 10
61 9 16 10
62 9 0 10
63 9 0 11
64 9 16 11



65 1 9.95 10
66 1 15 10
67 1 9.95 6
68 1 15 6
69 8 15 6
70 8 9.95 6
71 8 9.95 10
72 8 15 10




73 1 10 10
74 1 14.9 10
75 1 10 6.05
76 1 14.95 6.05
77 8 14.95 6.05
78 8 10 6.05
79 8 10 10
80 8 14.95 10

81 8.05 12 8.5
82 8.05 13 8.5
83 8.05 12 8
84 8.05 13 8
85 8.5 13 8
86 8.5 12 8
87 8.5 12 8.5
88 8.5 13 8.5

89 1 10 6
90 1 14.9 6
91 1 10 2.05
92 1 15 2.05
93 8 15 2.05
94 8 10 2.05
95 8 10 6
96 8 15 6

97 1 9.95 6
98 1 15 6
99 1 9.95 2
100 1 15 2
101 8 15 2 
102 8 9.95 2
103 8 9.95 6
104 8 15 6


105 8.05 12 4.5
106 8.05 13 4.5
107 8.05 12 4
108 8.05 13 4
109 8.5 13 4
110 8.5 12 4
111 8.5 12 4.5
112 8.5 13 4.5


113 3.2 9.3 11.2
114 3.2 12.5 11.2
115 3.2 9.3 11
116 3.2 12.5 11
117 1.4 12.5 11
118 1.4 9.3 11
119 1.4 9.3 11.2
120 1.4 12.5 11.2


121 1.8 10.5 16
122 1.8 11.5 16
123 1.8 10.5 11.3
124 1.8 11.5 11.3
125 1.6 11.5 11.3
126 1.6 10.5 11.3
127 1.6 10.5 16
128 1.6 11.5 16

129 2.1 6.1 18
130 2.1 15.2 18
131 2.1 6.1 13
132 2.1 15.2 13
133 1.8 15.2 13
134 1.8 6.1 13
135 1.8 6.1 18
136 1.8 15.2 18

137 7.5 1.2 18
138 7.5 5.2 18 
139 7.5 1.2 11.2
140 7.5 5.2 11.2
141 1.2 5.2 11.2 
142 1.2 1.2 11.2 
143 1.2 1.2 18
144 1.2 5.2 18 

145 7.8 4.2 17.3
146 7.8 4.8 17.3
147 7.8 4.2 17 
148 7.8 4.8 17
149 7.6 4.8 17 
150 7.6 4.2 17 
151 7.6 4.2 17.3
152 7.6 4.2 17.3 

153 4.8 8.3 11.2
154 4.8 13.5 11.2
155 4.8 8.3 11
156 4.8 13.5 11
157 7.8 13.5 11
158 7.8 8.3 11
159 7.8 8.3 11.2 
160 7.8 13.5 11.2








161 4.9 8.4 11.3
162 4.9 8.7 11.3
163 4.9 8.4 11.2
164 4.9 8.7 11.2
165 5.2 8.7 11.2
166 5.2 8.4 11.2
167 5.2 8.4 11.3 
168 5.2 8.7 11.3

169 4.9 9 11.3
170 4.9 9.4 11.3
171 4.9 9 11.2 
172 4.9 9.4 11.2
173 5.2 9.4 11.2
174 5.2 9 11.2
175 5.2 9 11.3
176 5.2 9.4 11.3


177 4.9 9.7 11.3
178 4.9 10 11.3
179 4.9 9.7 11.2 
180 4.9 10 11.2
181 5.2 10 11.2
182 5.2 9.7 11.2
183 5.2 9.7 11.3
184 5.2 10 11.3

185 4.9 10.3 11.3
186 4.9 10.6 11.3
187 4.9 10.3 11.2 
188 4.9 10.6 11.2
189 5.2 10.6 11.2
190 5.2 10.3 11.2
191 5.2 10.3 11.3
192 5.2 10.6 11.3


193 4.9 10.8 11.3
194 4.9 11.1 11.3
195 4.9 10.8 11.2 
196 4.9 11.1 11.2
197 5.2 11.1 11.2
198 5.2 10.8 11.2
199 5.2 10.8 11.3
200 5.2 11.1 11.3

201 4.9 11.3 11.3
202 4.9 11.6 11.3
203 4.9 11.3 11.2 
204 4.9 11.6 11.2
205 5.2 11.6 11.2
206 5.2 11.3 11.2
207 5.2 11.3 11.3
208 5.2 11.6 11.3

209 4.9 11.9 11.3
210 4.9 12.2 11.3
211 4.9 11.9 11.2
212 4.9 12.2 11.2
213 5.2 12.2 11.2
214 5.2 11.9 11.2
215 5.2 11.9 11.3
216 5.2 12.2 11.3

217 4.9 12.5 11.3
218 4.9 12.8 11.3 
219 4.9 12.5 11.2
220 4.9 12.8 11.2
221 5.2 12.8 11.2
222 5.2 12.5 11.2
223 5.2 12.5 11.3
224 5.2 12.8 11.3

225 4.9 13.1 11.3
226 4.9 13.4 11.3
227 4.9 13.1 11.2
228 4.9 13.4 11.2
229 5.2 13.4 11.2
230 5.2 13.1 11.2
231 5.2 13.1 11.3
232 5.2 13.4 11.3





233 5.7 8.4 11.3
234 5.7 8.7 11.3
235 5.7 8.4 11.2
236 5.7 8.7 11.2
237 6 8.7 11.2
238 6 8.4 11.2
239 6 8.4 11.3 
240 6 8.7 11.3

241 5.7 9 11.3
242 5.7 9.4 11.3
243 5.7 9 11.2 
244 5.7 9.4 11.2
245 6 9.4 11.2
246 6 9 11.2
247 6 9 11.3
248 6 9.4 11.3

249 5.7 9.7 11.3
250 5.7 10 11.3
251 5.7 9.7 11.2 
252 5.7 10 11.2
253 6 10 11.2
254 6 9.7 11.2
255 6 9.7 11.3
256 6 10 11.3

257 5.7 10.3 11.3
258 5.7 10.6 11.3
259 5.7 10.3 11.2 
260 5.7 10.6 11.2
261 6 10.6 11.2
262 6 10.3 11.2
263 6 10.3 11.3
264 6 10.6 11.3

265 5.7 10.8 11.3
266 5.7 11.1 11.3
267 5.7 10.8 11.2 
268 5.7 11.1 11.2
269 6 11.1 11.2
270 6 10.8 11.2
271 6 10.8 11.3
272 6 11.1 11.3

273 5.7 11.3 11.3
274 5.7 11.6 11.3
275 5.7 11.3 11.2 
276 5.7 11.6 11.2
277 6 11.6 11.2
278 6 11.3 11.2
279 6 11.3 11.3
280 6 11.6 11.3

281 5.7 11.9 11.3
282 5.7 12.2 11.3
283 5.7 11.9 11.2
284 5.7 12.2 11.2
285 6 12.2 11.2
286 6 11.9 11.2
287 6 11.9 11.3
288 6 12.2 11.3

289 5.7 12.5 11.3
290 5.7 12.8 11.3 
291 5.7 12.5 11.2
292 5.7 12.8 11.2
293 6 12.8 11.2
294 6 12.5 11.2
295 6 12.5 11.3
296 6 12.8 11.3

297 5.7 13.1 11.3
298 5.7 13.4 11.3
299 5.7 13.1 11.2
300 5.7 13.4 11.2
301 6 13.4 11.2
302 6 13.1 11.2
303 6 13.1 11.3
304 6 13.4 11.3









305 6.5 8.4 11.3
306 6.5 8.7 11.3
307 6.5 8.4 11.2
308 6.5 8.7 11.2
309 6.8 8.7 11.2
310 6.8 8.4 11.2
311 6.8 8.4 11.3 
312 6.8 8.7 11.3

313 6.5 9 11.3
314 6.5 9.4 11.3
315 6.5 9 11.2 
316 6.5 9.4 11.2
317 6.8 9.4 11.2
318 6.8 9 11.2
319 6.8 9 11.3
320 6.8 9.4 11.3

321 6.5 9.7 11.3
322 6.5 10 11.3
323 6.5 9.7 11.2 
324 6.5 10 11.2
325 6.8 10 11.2
326 6.8 9.7 11.2
327 6.8 9.7 11.3
328 6.8 10 11.3

329 6.5 10.3 11.3
330 6.5 10.6 11.3
331 6.5 10.3 11.2 
332 6.5 10.6 11.2
333 6.8 10.6 11.2
334 6.8 10.3 11.2
335 6.8 10.3 11.3
336 6.8 10.6 11.3

337 6.5 10.8 11.3
338 6.5 11.1 11.3
339 6.5 10.8 11.2 
340 6.5 11.1 11.2
341 6.8 11.1 11.2
342 6.8 10.8 11.2
343 6.8 10.8 11.3
344 6.8 11.1 11.3

345 6.5 11.3 11.3
346 6.5 11.6 11.3
347 6.5 11.3 11.2 
348 6.5 11.6 11.2
349 6.8 11.6 11.2
350 6.8 11.3 11.2
351 6.8 11.3 11.3
352 6.8 11.6 11.3

353 6.5 11.9 11.3
354 6.5 12.2 11.3
355 6.5 11.9 11.2
356 6.5 12.2 11.2
357 6.8 12.2 11.2
358 6.8 11.9 11.2
359 6.8 11.9 11.3
360 6.8 12.2 11.3

361 6.5 12.5 11.3
362 6.5 12.8 11.3 
363 6.5 12.5 11.2
364 6.5 12.8 11.2
365 6.8 12.8 11.2
366 6.8 12.5 11.2
367 6.8 12.5 11.3
368 6.8 12.8 11.3

369 6.5 13.1 11.3
370 6.5 13.4 11.3
371 6.5 13.1 11.2
372 6.5 13.4 11.2
373 6.8 13.4 11.2
374 6.8 13.1 11.2
375 6.8 13.1 11.3
376 6.8 13.4 11.3

377 7.3 10.3 11.3
378 7.3 11.6 11.3
379 7.3 10.3 11.2
380 7.3 11.6 11.2
381 7.6 11.6 11.2
382 7.6 10.3 11.2
383 7.6 10.3 11.3
384 7.6 11.6 11.3

Faces:
1 2 4 3.
7 6 5 8.
1 3 6 7.
2 8 5 4.
6 3 4 5.
7 8 2 1.

9 10 12 11.
15 14 13 16.
9 11 14 15.
10 16 13 12.
14 11 12 13.
15 16 10  9.

17 18 20 19.
23 22 21 24.
17 19 22 23.
18 24 21 20.
22 19 20 21.
23 24 18 17.

25 26 28 27.
31 30 29 32.
25 27 30 31.
26 32 29 28.
30 27 28 29.
31 32 26 25.

33 34 36 35.
39 38 37 40.
33 35 38 39.
34 40 37 36.
38 35 36 37.
39 40 34 33.

41 42 44 43.
47 46 45 48.
41 43 46 47.
42 48 45 44.
46 43 44 45.
47 48 42 41.

49 50 52 51.
55 54 53 56.
49 51 54 55.
50 56 53 52.
54 51 52 53.
55 56 50 49.

57 58 60 59.
63 62 61 64.
57 59 62 63.
58 64 61 60.
62 59 60 61.
63 64 58 57.


65 67 70 71.
71 70 67 65.

65 66 68 67.
67 68 66 65.

66 72 69 68.
68 69 72 66.

70 67 68 69.
69 68 67 70.




73 75 78 79.
79 78 75 73.

73 74 76 75.
75 76 74 73.

74 80 77 76.
76 77 80 74.

78 75 76 77.
77 76 75 78.

79 78 77 80.
80 77 78 79.

81 82 84 83.
87 86 85 88.
81 83 86 87.
82 88 85 84.
86 83 84 85.
87 88 82 81.





89 91 94 95.
95 94 91 89.
 
89 90 92 91.
91 92 90 89.

90 96 93 92.
92 93 96 90.

94 91 92 93.
93 92 91 94.

95 94 93 96.
96 93 94 95.




97 99 102 103.
103 102 99 97.

97 98 100 99.
99 100 98 97.

98 104 101 100.
100 101 104 98.

102 99 100 101.
101 100 99 102.

103 102 101 104.
104 101 102 103.

105 106 108 107.
111 110 109 112.
105 107 110 111.
106 112 109 108.
110 107 108 109.
111 112 106 105.




113 114 116 115. 
119 118 117 120. 
113 115 118 119. 
114 120 117 116. 
118 115 116 117.
119 120 114 113.

121 122 124 123.
127 126 125 128.
121 123 126 127.
122 128 125 124.
126 123 124 125.
127 128 122 121.

129 130 132 131.
131 132 130 129.

134 133 136 135.
135 136 133 134.

129 131 134 135.
135 134 131 129.

130 132 133 136.
136 133 132 130.

129 130 136 135.
135 136 130 129.



137 138 140 139.
139 140 138 137.

141 142 143 144.
144 143 142 141.

137 138 144 143.
143 144 138 137.

139 140 141 142.
142 141 140 139.

137 139 142 143.
143 142 139 137.

138 140 141 144.
144 141 140 138.



145 146 148 147.
147 148 146 145.

149 150 152 151.
151 152 150 149.

145 146 151 152.
152 151 146 145.

147 148 149 150.
150 149 148 147.


153 154 156 155.
159 158 157 160.
153 155 158 159.
154 160 157 156.
158 155 156 157. 
159 160 154 153.


161 162 164 163. 
167 166 165 168. 
161 163 166 167. 
162 168 165 164. 
166 163 164 165. 
167 168 162 161.

169 170 172 171.
175 174 173 176.
169 171 174 175.
170 176 173 172.
174 171 172 173. 
175 176 170 169.

177 178 180 179.
183 182 181 184.
177 179 182 183.
178 184 181 180.
182 179 180 181.
183 184 178 177.

185 186 188 187.
191 190 189 192.
185 187 190 191.
186 192 189 188.
190 187 188 189.
191 192 186 185.

193 194 196 195.
199 198 197 200.
193 195 198 199.
174 200 197 196.
198 195 196 197.
199 200 194 193.

201 202 204 203.
207 206 205 208.
201 203 206 207.
202 208 205 204.
206 203 204 205.
207 208 202 201.

209 210 212 211.
215 214 213 216.
209 211 214 215.
210 216 213 212.
214 211 212 213.
215 216 210 209.

217 218 220 219.
223 222 221 224.
217 219 222 223.
218 224 221 220.
222 219 220 221.
223 224 218 217.

225 226 228 227.
231 230 229 232.
225 227 230 231.
226 232 229 228.
230 227 228 229.
231 232 226 225.










233 234 236 235.
239 238 237 240.
233 235 238 239.
234 240 237 236.
238 235 236 237. 
239 240 234 233.

241 242 244 243.
247 246 245 248.
241 243 246 247.
242 248 245 244.
246 243 244 245. 
247 248 242 241.

249 250 252 251.
255 254 253 256.
249 251 254 255.
250 256 253 252. 
254 251 252 253. 
255 256 250 249.

257 258 260 259. 
263 262 261 264. 
257 259 262 263. 
258 264 261 260. 
262 259 260 261. 
263 264 258 257.

265 266 268 267. 
271 270 269 272. 
265 267 270 271. 
266 272 269 268. 
270 267 268 269. 
271 272 266 265.

273 274 276 275.
279 278 277 280. 
273 275 278 279 
274 280 277 276. 
278 275 276 277. 
279 280 274 273.

281 282 284 283.
287 286 285 288.
281 283 286 287.
282 288 285 284.
286 283 284 285.
287 288 282 281.

289 290 292 291. 
295 294 293 296. 
289 291 294 295.
290 296 293 292. 
294 291 292 293.
295 296 290 289.

297 298 300 299. 
303 302 301 304. 
297 299 302 303. 
298 304 301 300.
302 299 300 301. 
303 304 298 297.






305 306 308 307.
311 310 309 312.
305 307 310 311.
306 312 309 308.
310 307 308 309.
311 312 306 305.

313 314 316 315.
319 318 317 320.
313 315 318 319.
314 320 317 316. 
318 315 316 317. 
319 320 314 313.

321 322 324 323.
327 326 325 328.
321 323 326 327.
322 328 325 324.
326 323 324 325.
327 328 322 321.

329 330 332 331.
335 334 333 336.
329 331 334 335. 
330 336 333 332. 
334 331 332 333.
335 336 330 329.

337 338 340 339.
343 342 341 344.
337 339 342 343.
338 344 341 340.
342 339 340 341. 
343 344 338 337.

345 346 348 347.
351 350 349 352.
345 347 350 351.
346 352 349 348.
350 347 348 349. 
351 352 346 345.

353 354 356 355.
359 358 357 360.
353 355 358 359. 
354 360 357 356. 
358 355 356 357. 
359 360 354 353.

361 362 364 363.
367 366 365 368.
361 363 366 367.
362 368 365 364.
366 363 364 365.
367 368 362 361.

369 370 372 371.
375 374 373 376.
369 371 374 375.
370 376 373 372.
374 371 372 373.
375 376 370 369.

377 378 380 379.
383 382 381 384.
377 379 382 383. 
378 384 381 380. 
382 379 380 381. 
383 384 378 377.


